cities = [
    1 6 0
    2 5 1
    3 7 2
    4 5 3
    5 7 4
    6 8 5
    ];

answer = 10;