cities = [
1 20833.3333 17100.0000
2 20900.0000 17066.6667
3 21600.0000 16500.0000
4 23616.6667 15866.6667
5 23700.0000 15933.3333
6 23883.3333 14533.3333
7 26133.3333 14500.0000
8 26550.0000 13850.0000
9 26433.3333 13433.3333
10 26283.3333 12766.6667
11 27026.1111 13051.9444
12 27096.1111 13415.8333
13 27153.6111 13203.3333
14 27462.5000 12992.2222
15 27433.3333 12400.0000
16 27233.3333 11783.3333
17 26733.3333 11683.3333
18 27233.3333 10450.0000
19 27266.6667 10383.3333
20 27166.6667 9833.3333
21 26150.0000 10550.0000
22 25149.1667 12365.8333
23 24166.6667 13250.0000
24 22683.3333 12716.6667
25 22183.3333 13133.3333
26 21300.0000 13016.6667
27 21600.0000 14150.0000
28 22583.3333 14300.0000
29 21600.0000 14966.6667
];

answer = 27603;